exp001
n_embed=1
       f1_avg_best  th_avg_best  auc_avg  auc_one
epoch                                            
2          0.67813      0.34200  0.96598  0.96412
3          0.69085      0.36000  0.96910  0.96707
4          0.69791      0.36875  0.97079  0.96842
5          0.70187      0.36950  0.97176  0.96896
6          0.70445      0.36750  0.97235  0.96902
7          0.70612      0.37375  0.97268  0.96871
8          0.70727      0.36675  0.97282  0.96808
9          0.70793      0.36625  0.97276  0.96717
10         0.70812      0.36450  0.97256  0.96599 

       f1_avg_0.35  f1_avg_0.36  f1_avg_0.37  f1_avg_0.38  f1_avg_0.39
epoch                                                                 
2          0.67705      0.67677      0.67655      0.67580      0.67529
3          0.69007      0.68998      0.69018      0.68968      0.68930
4          0.69696      0.69733      0.69736      0.69705      0.69640
5          0.70095      0.70109      0.70091      0.70062      0.70068
6          0.70325      0.70343      0.70372      0.70340      0.70308
7          0.70491      0.70514      0.70539      0.70527      0.70532
8          0.70635      0.70656      0.70664      0.70657      0.70607
9          0.70698      0.70722      0.70734      0.70704      0.70653
10         0.70735      0.70752      0.70736      0.70745      0.70681 

       f1_one_0.35  f1_one_0.36  f1_one_0.37  f1_one_0.38  f1_one_0.39
epoch                                                                 
2          0.67040      0.67033      0.67017      0.66980      0.66906
3          0.68222      0.68246      0.68255      0.68245      0.68208
4          0.68754      0.68770      0.68777      0.68775      0.68753
5          0.68968      0.68985      0.68995      0.68985      0.68959
6          0.69034      0.69051      0.69056      0.69045      0.69031
7          0.68955      0.68965      0.68971      0.68971      0.68963
8          0.68743      0.68758      0.68770      0.68769      0.68749
9          0.68463      0.68472      0.68478      0.68471      0.68463
10         0.68111      0.68123      0.68124      0.68109      0.68087 

exp002
Baseline
       f1_avg_best  th_avg_best  auc_avg  auc_one
epoch                                            
2          0.68330      0.36925  0.96728  0.96598
3          0.69465      0.37625  0.97008  0.96849
4          0.70054      0.37300  0.97151  0.96953
5          0.70380      0.36825  0.97232  0.96985
6          0.70615      0.36900  0.97277  0.96970
7          0.70749      0.36425  0.97295  0.96913
8          0.70788      0.35700  0.97292  0.96823
9          0.70821      0.36750  0.97269  0.96704
10         0.70798      0.35650  0.97237  0.96568 

       f1_avg_0.35  f1_avg_0.36  f1_avg_0.37  f1_avg_0.38  f1_avg_0.39
epoch                                                                 
2          0.68217      0.68231      0.68231      0.68224      0.68196
3          0.69331      0.69362      0.69403      0.69371      0.69349
4          0.69944      0.69963      0.69946      0.69950      0.69949
5          0.70295      0.70269      0.70268      0.70297      0.70257
6          0.70491      0.70523      0.70527      0.70528      0.70480
7          0.70673      0.70654      0.70651      0.70641      0.70608
8          0.70719      0.70716      0.70713      0.70680      0.70644
9          0.70738      0.70750      0.70748      0.70734      0.70683
10         0.70706      0.70710      0.70716      0.70662      0.70618 

       f1_one_0.35  f1_one_0.36  f1_one_0.37  f1_one_0.38  f1_one_0.39
epoch                                                                 
2          0.67750      0.67779      0.67786      0.67777      0.67750
3          0.68746      0.68774      0.68779      0.68768      0.68741
4          0.69161      0.69181      0.69196      0.69184      0.69157
5          0.69282      0.69306      0.69312      0.69316      0.69308
6          0.69285      0.69307      0.69311      0.69303      0.69276
7          0.69118      0.69142      0.69145      0.69137      0.69125
8          0.68858      0.68869      0.68873      0.68853      0.68836
9          0.68495      0.68502      0.68499      0.68486      0.68468
10         0.68073      0.68077      0.68065      0.68045      0.68020 

exp003
n_embed=3
       f1_avg_best  th_avg_best  auc_avg  auc_one
epoch                                            
2          0.68633      0.36675  0.96791  0.96694
3          0.69686      0.37525  0.97045  0.96915
4          0.70211      0.37075  0.97173  0.97001
5          0.70527      0.36500  0.97241  0.97016
6          0.70670      0.36775  0.97275  0.96986
7          0.70775      0.35950  0.97283  0.96915
8          0.70797      0.35750  0.97269  0.96811
9          0.70794      0.36225  0.97242  0.96679
10         0.70720      0.35975  0.97200  0.96527 

       f1_avg_0.35  f1_avg_0.36  f1_avg_0.37  f1_avg_0.38  f1_avg_0.39
epoch                                                                 
2          0.68518      0.68573      0.68561      0.68531      0.68508
3          0.69563      0.69597      0.69607      0.69590      0.69564
4          0.70106      0.70141      0.70133      0.70116      0.70093
5          0.70421      0.70464      0.70444      0.70426      0.70366
6          0.70580      0.70588      0.70577      0.70553      0.70557
7          0.70678      0.70688      0.70700      0.70670      0.70628
8          0.70732      0.70729      0.70720      0.70702      0.70671
9          0.70678      0.70703      0.70682      0.70703      0.70646
10         0.70641      0.70659      0.70634      0.70595      0.70557 

       f1_one_0.35  f1_one_0.36  f1_one_0.37  f1_one_0.38  f1_one_0.39
epoch                                                                 
2          0.68111      0.68152      0.68174      0.68175      0.68155
3          0.68982      0.69018      0.69041      0.69047      0.69037
4          0.69360      0.69383      0.69393      0.69380      0.69359
5          0.69448      0.69466      0.69479      0.69470      0.69448
6          0.69409      0.69426      0.69424      0.69408      0.69389
7          0.69209      0.69222      0.69222      0.69203      0.69186
8          0.68903      0.68909      0.68909      0.68894      0.68880
9          0.68483      0.68487      0.68493      0.68478      0.68461
10         0.68015      0.68017      0.68003      0.67996      0.67969 

exp004
n_embed=4
       f1_avg_best  th_avg_best  auc_avg  auc_one
epoch                                            
2          0.68793      0.37600  0.96829  0.96750
3          0.69754      0.37700  0.97068  0.96954
4          0.70223      0.37675  0.97183  0.97025
5          0.70510      0.37200  0.97242  0.97030
6          0.70653      0.38000  0.97266  0.96987
7          0.70723      0.36950  0.97269  0.96907
8          0.70718      0.36350  0.97249  0.96794
9          0.70685      0.35450  0.97212  0.96657
10         0.70609      0.35850  0.97166  0.96505 

       f1_avg_0.35  f1_avg_0.36  f1_avg_0.37  f1_avg_0.38  f1_avg_0.39
epoch                                                                 
2          0.68647      0.68690      0.68710      0.68730      0.68678
3          0.69635      0.69646      0.69669      0.69657      0.69639
4          0.70083      0.70137      0.70138      0.70145      0.70127
5          0.70364      0.70393      0.70431      0.70403      0.70388
6          0.70529      0.70550      0.70544      0.70548      0.70534
7          0.70623      0.70648      0.70623      0.70633      0.70599
8          0.70635      0.70644      0.70639      0.70625      0.70570
9          0.70598      0.70618      0.70596      0.70582      0.70555
10         0.70535      0.70528      0.70520      0.70521      0.70485 

       f1_one_0.35  f1_one_0.36  f1_one_0.37  f1_one_0.38  f1_one_0.39
epoch                                                                 
2          0.68283      0.68321      0.68347      0.68367      0.68359
3          0.69129      0.69162      0.69195      0.69194      0.69182
4          0.69422      0.69447      0.69461      0.69463      0.69447
5          0.69483      0.69516      0.69523      0.69513      0.69491
6          0.69396      0.69418      0.69423      0.69414      0.69389
7          0.69183      0.69203      0.69199      0.69197      0.69174
8          0.68833      0.68841      0.68838      0.68836      0.68816
9          0.68403      0.68410      0.68410      0.68396      0.68372
10         0.67961      0.67958      0.67949      0.67932      0.67903 

exp005
mf=80k
       f1_avg_best  th_avg_best  auc_avg  auc_one
epoch                                            
2          0.68313      0.36475  0.96722  0.96592
3          0.69428      0.36850  0.97001  0.96842
4          0.70014      0.37150  0.97142  0.96946
5          0.70359      0.37125  0.97222  0.96976
6          0.70564      0.36175  0.97265  0.96959
7          0.70657      0.35950  0.97283  0.96903
8          0.70720      0.36675  0.97281  0.96814
9          0.70734      0.35450  0.97258  0.96693
10         0.70695      0.35800  0.97225  0.96552 

       f1_avg_0.35  f1_avg_0.36  f1_avg_0.37  f1_avg_0.38  f1_avg_0.39
epoch                                                                 
2          0.68212      0.68223      0.68231      0.68222      0.68175
3          0.69329      0.69334      0.69331      0.69311      0.69293
4          0.69916      0.69924      0.69935      0.69929      0.69916
5          0.70277      0.70282      0.70282      0.70281      0.70270
6          0.70465      0.70488      0.70479      0.70469      0.70447
7          0.70562      0.70578      0.70586      0.70561      0.70531
8          0.70621      0.70636      0.70641      0.70644      0.70570
9          0.70652      0.70642      0.70631      0.70613      0.70572
10         0.70630      0.70613      0.70623      0.70578      0.70520 

       f1_one_0.35  f1_one_0.36  f1_one_0.37  f1_one_0.38  f1_one_0.39
epoch                                                                 
2          0.67701      0.67718      0.67723      0.67702      0.67686
3          0.68719      0.68749      0.68758      0.68736      0.68714
4          0.69122      0.69146      0.69166      0.69157      0.69135
5          0.69264      0.69285      0.69295      0.69282      0.69269
6          0.69229      0.69243      0.69247      0.69241      0.69222
7          0.69073      0.69088      0.69093      0.69084      0.69058
8          0.68818      0.68831      0.68833      0.68826      0.68806
9          0.68460      0.68472      0.68469      0.68454      0.68430
10         0.68014      0.68020      0.68009      0.67998      0.67972 

exp006
mf=100k
       f1_avg_best  th_avg_best  auc_avg  auc_one
epoch                                            
2          0.68372      0.36250  0.96737  0.96606
3          0.69495      0.36050  0.97016  0.96857
4          0.70103      0.37350  0.97160  0.96961
5          0.70434      0.36850  0.97242  0.96994
6          0.70661      0.35925  0.97289  0.96979
7          0.70790      0.36550  0.97309  0.96925
8          0.70823      0.36050  0.97307  0.96838
9          0.70832      0.35800  0.97287  0.96717
10         0.70802      0.35350  0.97252  0.96578 

       f1_avg_0.35  f1_avg_0.36  f1_avg_0.37  f1_avg_0.38  f1_avg_0.39
epoch                                                                 
2          0.68256      0.68274      0.68259      0.68247      0.68221
3          0.69407      0.69416      0.69413      0.69374      0.69345
4          0.69977      0.70027      0.70022      0.70012      0.69966
5          0.70333      0.70377      0.70361      0.70357      0.70329
6          0.70563      0.70589      0.70600      0.70579      0.70523
7          0.70692      0.70705      0.70723      0.70669      0.70633
8          0.70741      0.70746      0.70728      0.70724      0.70674
9          0.70769      0.70758      0.70735      0.70738      0.70703
10         0.70729      0.70726      0.70702      0.70670      0.70618 

       f1_one_0.35  f1_one_0.36  f1_one_0.37  f1_one_0.38  f1_one_0.39
epoch                                                                 
2          0.67774      0.67798      0.67805      0.67803      0.67768
3          0.68772      0.68800      0.68809      0.68797      0.68765
4          0.69190      0.69215      0.69222      0.69217      0.69190
5          0.69312      0.69336      0.69353      0.69352      0.69339
6          0.69300      0.69321      0.69337      0.69340      0.69311
7          0.69148      0.69168      0.69180      0.69178      0.69151
8          0.68902      0.68906      0.68904      0.68893      0.68889
9          0.68519      0.68521      0.68528      0.68526      0.68504
10         0.68091      0.68095      0.68085      0.68068      0.68043 

exp007
mf=110k
       f1_avg_best  th_avg_best  auc_avg  auc_one
epoch                                            
2          0.68366      0.36175  0.96740  0.96608
3          0.69502      0.36400  0.97020  0.96858
4          0.70118      0.37250  0.97163  0.96961
5          0.70423      0.37200  0.97242  0.96991
6          0.70623      0.36525  0.97285  0.96971
7          0.70743      0.36475  0.97303  0.96914
8          0.70814      0.35650  0.97299  0.96823
9          0.70832      0.36325  0.97277  0.96701
10         0.70781      0.36350  0.97243  0.96562 

       f1_avg_0.35  f1_avg_0.36  f1_avg_0.37  f1_avg_0.38  f1_avg_0.39
epoch                                                                 
2          0.68281      0.68275      0.68269      0.68242      0.68214
3          0.69402      0.69419      0.69411      0.69398      0.69350
4          0.69978      0.70005      0.70015      0.70011      0.69975
5          0.70326      0.70347      0.70355      0.70354      0.70321
6          0.70540      0.70561      0.70545      0.70539      0.70500
7          0.70647      0.70686      0.70661      0.70651      0.70599
8          0.70734      0.70747      0.70748      0.70720      0.70670
9          0.70749      0.70754      0.70752      0.70735      0.70706
10         0.70683      0.70708      0.70698      0.70674      0.70627 

       f1_one_0.35  f1_one_0.36  f1_one_0.37  f1_one_0.38  f1_one_0.39
epoch                                                                 
2          0.67764      0.67790      0.67795      0.67795      0.67763
3          0.68750      0.68785      0.68804      0.68804      0.68783
4          0.69178      0.69190      0.69203      0.69193      0.69176
5          0.69317      0.69346      0.69356      0.69356      0.69323
6          0.69277      0.69300      0.69311      0.69311      0.69303
7          0.69116      0.69135      0.69149      0.69141      0.69128
8          0.68844      0.68863      0.68873      0.68868      0.68847
9          0.68479      0.68496      0.68504      0.68502      0.68490
10         0.68057      0.68065      0.68057      0.68045      0.68019 

exp008
mf=120k
       f1_avg_best  th_avg_best  auc_avg  auc_one
epoch                                            
2          0.68354      0.36700  0.96743  0.96612
3          0.69507      0.37025  0.97021  0.96861
4          0.70107      0.37075  0.97164  0.96965
5          0.70467      0.37275  0.97244  0.96996
6          0.70706      0.36675  0.97288  0.96981
7          0.70812      0.37200  0.97306  0.96927
8          0.70857      0.35200  0.97307  0.96840
9          0.70854      0.35300  0.97287  0.96719
10         0.70829      0.35775  0.97253  0.96580 

       f1_avg_0.35  f1_avg_0.36  f1_avg_0.37  f1_avg_0.38  f1_avg_0.39
epoch                                                                 
2          0.68236      0.68252      0.68265      0.68266      0.68226
3          0.69411      0.69429      0.69437      0.69418      0.69394
4          0.69983      0.70000      0.70022      0.70021      0.69983
5          0.70329      0.70357      0.70372      0.70380      0.70368
6          0.70563      0.70578      0.70584      0.70565      0.70555
7          0.70712      0.70720      0.70713      0.70714      0.70687
8          0.70787      0.70761      0.70750      0.70761      0.70734
9          0.70773      0.70771      0.70765      0.70774      0.70715
10         0.70764      0.70768      0.70762      0.70748      0.70684 

       f1_one_0.35  f1_one_0.36  f1_one_0.37  f1_one_0.38  f1_one_0.39
epoch                                                                 
2          0.67772      0.67794      0.67798      0.67783      0.67749
3          0.68775      0.68802      0.68813      0.68802      0.68784
4          0.69189      0.69219      0.69239      0.69232      0.69213
5          0.69341      0.69357      0.69366      0.69368      0.69355
6          0.69328      0.69346      0.69343      0.69332      0.69316
7          0.69168      0.69187      0.69183      0.69176      0.69156
8          0.68901      0.68915      0.68911      0.68913      0.68888
9          0.68516      0.68527      0.68529      0.68512      0.68504
10         0.68093      0.68091      0.68084      0.68068      0.68050 

exp009
mf=130k
       f1_avg_best  th_avg_best  auc_avg  auc_one
epoch                                            
2          0.68332      0.36775  0.96742  0.96611
3          0.69491      0.36475  0.97023  0.96861
4          0.70103      0.37700  0.97166  0.96964
5          0.70438      0.37300  0.97246  0.96993
6          0.70658      0.37075  0.97291  0.96978
7          0.70796      0.36325  0.97307  0.96920
8          0.70854      0.36625  0.97304  0.96831
9          0.70856      0.36600  0.97281  0.96710
10         0.70846      0.35825  0.97250  0.96573 

       f1_avg_0.35  f1_avg_0.36  f1_avg_0.37  f1_avg_0.38  f1_avg_0.39
epoch                                                                 
2          0.68211      0.68240      0.68249      0.68236      0.68218
3          0.69395      0.69400      0.69402      0.69381      0.69334
4          0.69933      0.69968      0.69988      0.69984      0.70002
5          0.70331      0.70334      0.70363      0.70360      0.70337
6          0.70542      0.70593      0.70587      0.70585      0.70543
7          0.70669      0.70709      0.70718      0.70715      0.70683
8          0.70750      0.70778      0.70790      0.70789      0.70745
9          0.70790      0.70785      0.70766      0.70745      0.70728
10         0.70775      0.70769      0.70760      0.70734      0.70688 

       f1_one_0.35  f1_one_0.36  f1_one_0.37  f1_one_0.38  f1_one_0.39
epoch                                                                 
2          0.67749      0.67768      0.67781      0.67783      0.67750
3          0.68763      0.68783      0.68800      0.68800      0.68772
4          0.69176      0.69196      0.69206      0.69202      0.69188
5          0.69307      0.69340      0.69354      0.69360      0.69341
6          0.69312      0.69334      0.69338      0.69334      0.69315
7          0.69157      0.69165      0.69171      0.69169      0.69159
8          0.68881      0.68898      0.68916      0.68900      0.68884
9          0.68514      0.68525      0.68522      0.68511      0.68502
10         0.68089      0.68086      0.68072      0.68063      0.68041 

exp010
mf=140k
       f1_avg_best  th_avg_best  auc_avg  auc_one
epoch                                            
2          0.68378      0.36250  0.96748  0.96617
3          0.69518      0.37650  0.97025  0.96864
4          0.70126      0.37550  0.97166  0.96966
5          0.70491      0.37775  0.97246  0.96996
6          0.70711      0.37250  0.97287  0.96976
7          0.70802      0.36450  0.97303  0.96920
8          0.70844      0.36825  0.97301  0.96830
9          0.70856      0.36200  0.97278  0.96708
10         0.70843      0.36125  0.97246  0.96570 

       f1_avg_0.35  f1_avg_0.36  f1_avg_0.37  f1_avg_0.38  f1_avg_0.39
epoch                                                                 
2          0.68265      0.68264      0.68288      0.68258      0.68257
3          0.69385      0.69404      0.69432      0.69424      0.69428
4          0.69981      0.70013      0.70029      0.70025      0.70005
5          0.70336      0.70375      0.70377      0.70382      0.70378
6          0.70598      0.70628      0.70635      0.70616      0.70553
7          0.70719      0.70725      0.70721      0.70706      0.70689
8          0.70748      0.70763      0.70761      0.70735      0.70726
9          0.70769      0.70776      0.70769      0.70766      0.70723
10         0.70766      0.70766      0.70758      0.70749      0.70718 

       f1_one_0.35  f1_one_0.36  f1_one_0.37  f1_one_0.38  f1_one_0.39
epoch                                                                 
2          0.67798      0.67810      0.67816      0.67810      0.67784
3          0.68786      0.68813      0.68827      0.68832      0.68803
4          0.69195      0.69226      0.69240      0.69243      0.69222
5          0.69343      0.69357      0.69367      0.69383      0.69369
6          0.69315      0.69333      0.69345      0.69356      0.69342
7          0.69159      0.69183      0.69190      0.69195      0.69179
8          0.68884      0.68905      0.68908      0.68899      0.68891
9          0.68514      0.68521      0.68520      0.68523      0.68510
10         0.68073      0.68083      0.68081      0.68073      0.68058 

exp011
mf=150k
       f1_avg_best  th_avg_best  auc_avg  auc_one
epoch                                            
2          0.68398      0.37200  0.96750  0.96619
3          0.69554      0.36850  0.97032  0.96871
4          0.70121      0.37425  0.97175  0.96973
5          0.70467      0.36900  0.97255  0.97004
6          0.70664      0.37300  0.97298  0.96986
7          0.70816      0.36700  0.97315  0.96929
8          0.70881      0.36325  0.97314  0.96841
9          0.70884      0.36475  0.97295  0.96720
10         0.70843      0.36150  0.97263  0.96585 

       f1_avg_0.35  f1_avg_0.36  f1_avg_0.37  f1_avg_0.38  f1_avg_0.39
epoch                                                                 
2          0.68296      0.68337      0.68324      0.68289      0.68251
3          0.69461      0.69459      0.69447      0.69417      0.69444
4          0.70004      0.70033      0.70051      0.70050      0.70021
5          0.70350      0.70388      0.70385      0.70345      0.70334
6          0.70576      0.70579      0.70593      0.70577      0.70552
7          0.70703      0.70720      0.70740      0.70732      0.70714
8          0.70790      0.70777      0.70782      0.70769      0.70758
9          0.70800      0.70778      0.70758      0.70762      0.70712
10         0.70739      0.70742      0.70755      0.70759      0.70714 

       f1_one_0.35  f1_one_0.36  f1_one_0.37  f1_one_0.38  f1_one_0.39
epoch                                                                 
2          0.67812      0.67834      0.67834      0.67815      0.67783
3          0.68788      0.68825      0.68833      0.68834      0.68814
4          0.69210      0.69236      0.69248      0.69252      0.69230
5          0.69335      0.69358      0.69364      0.69369      0.69354
6          0.69310      0.69342      0.69357      0.69346      0.69332
7          0.69166      0.69181      0.69183      0.69187      0.69169
8          0.68901      0.68923      0.68926      0.68914      0.68901
9          0.68531      0.68540      0.68538      0.68527      0.68507
10         0.68113      0.68111      0.68109      0.68094      0.68068 

exp012
PME without ReLU
       f1_avg_best  th_avg_best  auc_avg  auc_one
epoch                                            
2          0.68281      0.33400  0.96715  0.96555
3          0.69420      0.34875  0.96993  0.96800
4          0.70019      0.35775  0.97134  0.96897
5          0.70344      0.36950  0.97216  0.96924
6          0.70520      0.35975  0.97262  0.96909
7          0.70659      0.36475  0.97285  0.96859
8          0.70742      0.35775  0.97290  0.96787
9          0.70775      0.35475  0.97280  0.96692
10         0.70780      0.35450  0.97262  0.96592 

       f1_avg_0.35  f1_avg_0.36  f1_avg_0.37  f1_avg_0.38  f1_avg_0.39
epoch                                                                 
2          0.68184      0.68149      0.68099      0.68051      0.67996
3          0.69345      0.69314      0.69293      0.69250      0.69189
4          0.69910      0.69921      0.69933      0.69883      0.69833
5          0.70235      0.70239      0.70249      0.70228      0.70222
6          0.70443      0.70458      0.70431      0.70430      0.70392
7          0.70574      0.70582      0.70586      0.70548      0.70526
8          0.70685      0.70688      0.70668      0.70606      0.70564
9          0.70692      0.70694      0.70711      0.70672      0.70640
10         0.70718      0.70712      0.70702      0.70665      0.70635 

       f1_one_0.35  f1_one_0.36  f1_one_0.37  f1_one_0.38  f1_one_0.39
epoch                                                                 
2          0.67624      0.67607      0.67558      0.67496      0.67414
3          0.68596      0.68594      0.68570      0.68536      0.68480
4          0.68959      0.68972      0.68969      0.68942      0.68917
5          0.69066      0.69092      0.69097      0.69088      0.69063
6          0.69027      0.69051      0.69055      0.69037      0.69017
7          0.68872      0.68888      0.68887      0.68886      0.68864
8          0.68646      0.68663      0.68670      0.68663      0.68641
9          0.68348      0.68371      0.68375      0.68373      0.68350
10         0.68064      0.68075      0.68072      0.68053      0.68020 

exp013
No EMA
       f1_avg_best  th_avg_best  auc_avg  auc_one
epoch                                            
2          0.69213      0.33825  0.96939  0.96659
3          0.69845      0.33525  0.97088  0.96782
4          0.70154      0.34350  0.97172  0.96826
5          0.70383      0.34950  0.97226  0.96824
6          0.70528      0.34375  0.97254  0.96782
7          0.70658      0.35225  0.97256  0.96705
8          0.70661      0.34050  0.97239  0.96592
9          0.70630      0.35250  0.97207  0.96450
10         0.70655      0.34750  0.97175  0.96321 

       f1_avg_0.35  f1_avg_0.36  f1_avg_0.37  f1_avg_0.38  f1_avg_0.39
epoch                                                                 
2          0.69068      0.69062      0.69016      0.68952      0.68834
3          0.69706      0.69676      0.69607      0.69540      0.69452
4          0.70012      0.69999      0.69956      0.69899      0.69790
5          0.70285      0.70248      0.70232      0.70193      0.70127
6          0.70417      0.70393      0.70407      0.70330      0.70260
7          0.70510      0.70504      0.70484      0.70469      0.70437
8          0.70559      0.70556      0.70507      0.70458      0.70379
9          0.70512      0.70497      0.70470      0.70414      0.70368
10         0.70522      0.70547      0.70507      0.70451      0.70388 

       f1_one_0.35  f1_one_0.36  f1_one_0.37  f1_one_0.38  f1_one_0.39
epoch                                                                 
2          0.67741      0.67702      0.67651      0.67569      0.67495
3          0.68237      0.68200      0.68150      0.68091      0.68010
4          0.68470      0.68448      0.68417      0.68361      0.68283
5          0.68406      0.68396      0.68375      0.68349      0.68298
6          0.68406      0.68397      0.68372      0.68334      0.68291
7          0.68093      0.68076      0.68049      0.68014      0.67980
8          0.67804      0.67795      0.67770      0.67731      0.67688
9          0.67380      0.67375      0.67357      0.67330      0.67280
10         0.67018      0.67002      0.66981      0.66954      0.66918 
